00000000: 0E 00 00 00 02 00 C7 90 0E 00 00 00 00 00 00000000: 10 00 00 00 02 00 15 10 0F 00 00 00 D0 07 01 00  // 1/2000
00000000: 0E 00 00 00 02 00 C7 90 0A 00 00 00 00 00 00000000: 10 00 00 00 02 00 15 10 0B 00 00 00 40 06 01 00  // 1/1600
00000000: 0E 00 00 00 02 00 C7 90 08 00 00 00 00 00 00000000: 10 00 00 00 02 00 15 10 09 00 00 00 01 00 01 00  // 1"
00000000: 0E 00 00 00 02 00 C7 90 06 00 00 00 00 00 00000000: 10 00 00 00 02 00 15 10 07 00 00 00 40 06 01 00

00000000: 0E 00 00 00 02 00 C7 90 6E 00 00 00 00 00 00000000: 10 00 00 00 02 00 15 10 6F 00 00 00 0D 00 0A 00 // 1/1.3 
00000000: 0E 00 00 00 02 00 C7 90 3C 00 00 00 00 00 00000000: 10 00 00 00 02 00 15 10 3D 00 00 00 10 00 0A 00 // 1/1.6
00000000: 0E 00 00 00 02 00 C7 90 3C 00 00 00 00 00 00000000: 10 00 00 00 02 00 15 10 3D 00 00 00 19 00 0A 00 // 1/2.5

00000000: 0E 00 00 00 02 00 C7 90 6E 00 00 00 00 00 00000000: 10 00 00 00 02 00 15 10 6F 00 00 00 0A 00 0D 00 // 1.3" 
00000000: 0E 00 00 00 02 00 C7 90 3C 00 00 00 00 00 00000000: 10 00 00 00 02 00 15 10 3D 00 00 00 0A 00 10 00 // 1.6"
00000000: 0E 00 00 00 02 00 C7 90 3C 00 00 00 00 00 00000000: 10 00 00 00 02 00 15 10 3D 00 00 00 01 00 02 00 // 2"
00000000: 0E 00 00 00 02 00 C7 90 3C 00 00 00 00 00 00000000: 10 00 00 00 02 00 15 10 3D 00 00 00 0A 00 19 00 // 2.5"
00000000: 0E 00 00 00 02 00 C7 90 3C 00 00 00 00 00 00000000: 10 00 00 00 02 00 15 10 3D 00 00 00 01 00 03 00 // 2"









D007 : 53255
07D0 : 2000

4006 : 16480
0640 : 1600

8220 : 201C => Invalid prop value
8193 : 2001 => Tout va bien !!!

0101
1001

1101

files modified:
devpropparser.cpp

